A1 = [-5, -2; -3, 0];
B2 = [1; -3];
C2 = [1, -1];
D2 = 0;